269140
472879
449124
721882
868918
560756
472945
768118
114971
548323
937436
253375
86955
442808
299067
873960
950667
4406
111280
130682
662970
291379
111577
701021
966206
663750
189542
640934
783721
757524
696546
373628
369869
305192
317108
585891
660860
818002
397225
300860
800708
658767
74376
333435
595934
48952
735622
285290
198916
411894
746666
89301
283175
736075
589113
727569
32091
875906
969319
849699
257071
368625
797017
280414
817447
871642
274331
629025
426363
702157
44293
364788
519876
75367
240289
66273
100990
967849
300093
533425
910941
687271
720748
985122
139171
658592
716275
831147
451835
307270
205042
362943
791088
720372
780606
923506
351277
289139
299290
701716
858653
779910
989923
372952
876271
689039
610719
52398
13656
881342
972269
619110
886344
581885
818430
816852
959465
939116
757574
36323
287391
617869
205416
774257
345518
172328
826821
235648
770947
913697
786113
88204
276594
609623
211067
710754
53076
746789
962519
343461
677649
144757
503035
676488
660500
533774
788201
32226
53502
470224
249145
576085
75468
720443
464474
727290
922931
802307
679310
268148
716696
405278
161616
941533
719685
422988
58991
249294
451336
885964
774697
824915
7253
697158
378381
984750
83368
738983
190145
505714
903555
731700
829841
332096
164189
38768
758128
973873
645046
98339
620907
403952
903805
918162
370191
993504
585190
791521
639239
684589
840227
24292
476281
971662
23495
470076
105308
356458
771991
295602
124547
165868
612095
838447
554597
930887
455867
784110
938196
140904
97498
801674
297222
730372
192717
216376
287224
533809
151602
153551
270024
762193
612647
977628
94703
528084
885879
772553
802927
554461
948313
380488
498932
458294
497841
71877
211039
957001
313356
35509
241947
364407
976086
329179
965595
705107
744144
330937
243682
870355
32790
610163
943960
869711
935877
550889
171064
541228
542962
169397
753180
246507
965243
301553
984629
574677
182483
808109
273989
392303
228064
477693
480370
854792
538089
107868
919920
895142
150496
621675
801610
729784
815134
929493
183137
833214
343528
601224
685126
152327
229367
775541
862161
687848
809254
484088
646868
77287
305643
381421
944312
612878
25488
937448
231680
683948
768051
961620
489093
842513
849268
274159
883672
181174
651386
501723
531970
887319
352064
428929
704398
324160
211860
732252
438137
38915
459681
14020
766035
702964
630723
645111
512856
264786
791249
27140
640791
423166
703227
427476
927989
981000
471250
563307
799254
667137
208250
977932
330257
597726
318353
38066
734023
641159
30071
222228
273272
827262
906596
202026
779069
583069
518361
102218
542504
459723
539949
86198
717503
743582
202755
5257
330213
460189
812723
677673
989097
663862
757454
186587
612903
543883
997292
698256
622200
651903
86600
368748
238389
641441
452004
22006
201766
588866
303779
175528
210936
479893
371392
7975
853437
73284
493485
402171
863803
344611
773708
448626
827505
407099
318306
124127
983117
242099
593955
872642
521225
289846
891010
731702
301536
875962
325366
471131
646824
813657
744017
78905
742216
302236
478158
993462
758844
74762
653972
508174
564926
388933
124139
18943
654269
305324
482034
848068
939387
118874
190119
987051
625549
112488
41366
540380
140266
578310
615648
23653
149823
211537
563977
464355
531656
144641
593181
804690
769773
372095
193982
657517
468026
345114
227315
699933
746800
913443
865710
613048
456158
652052
87729
681546
125335
377499
371370
510529
95606
379243
137553
559174
428816
70044
328817
962484
315820
503714
462097
499786
276142
33607
267040
337067
276956
990497
290257
991151
762389
233540
823666
566883
550875
412078
882905
187629
614228
435994
802715
535517
109733
933058
690401
985272
624102
361271
642339
390648
574192
286525
925269
866809
280792
512620
563906
255351
442918
216622
372720
789571
40499
852686
570227
828221
633697
248112
398809
606379
118551
997177
888302
335554
997593
788620
691508
905071
697724
603014
985465
911276
612233
157920
354739
406122
990367
150611
356572
997463
297166
465465
437910
695168
725566
42931
553505
5044
105056
685124
522605
483033
872556
375455
201166
335578
996891
460675
735290
867629
252919
602351
888195
527041
201545
114758
12475
39313
130754
949826
814539
363301
421250
541945
381802
877498
827931
731965
432227
768407
126508
45558
353361
27127
762267
453888
751250
384283
106220
700379
465833
823458
641682
204920
662431
242344
626468
615429
871489
615938
341908
971078
523394
326355
133043
973185
652307
829451
802787
975457
972204
236496
688416
580270
376632
131570
964170
772222
316742
521574
532101
132744
152497
565925
800416
244648
275482
35605
271584
8847
992009
603660
974583
319115
282464
406088
776099
794128
729840
620790
631751
87786
172654
685660
277828
815382
649667
820498
163583
981302
290226
753108
576404
365012
360210
449851
169023
107555
642337
171005
521955
340037
978830
137026
450861
887484
227319
647743
929785
886590
748536
432426
568287
557153
90275
858794
669195
15985
721091
137073
461984
970436
667625
374245
60190
601881
906872
379589
581549
456881
427823
162969
87011
532704
906376
459768
359519
852842
469833
670316
808866
241631
189148
710178
714465
892726
825927
177634
710211
418584
956136
657471
819519
848012
804387
504088
982042
990478
346680
677129
565105
731030
290440
676004
135616
571138
888092
866140
876692
321602
734285
611115
542847
457035
611490
542278
856956
960747
547652
686704
744161
960774
486013
42873
203112
746446
676131
554395
110570
624509
820745
554059
449312
244180
274926
331409
587540
814992
371463
272140
45540
283998
756546
452135
567832
564727
323566
761608
217864
721984
205553
591480
17267
990342
851552
476737
860240
140940
347210
946094
322809
585721
836336
265674
199878
600830
785472
519777
732156
241519
432876
485176
714982
493683
752194
861366
316090
256951
589569
868942
193708
192312
402859
818626
580693
801683
668620
724246
725920
254555
140911
115465
442076
323907
484441
301098
181546
342190
132554
426029
37794
682842
973430
630547
602229
401625
346363
862781
12764
390273
962160
594297
374849
66537
914193
912047
815781
826479
109937
544780
144144
896888
173163
261783
314437
896646
886786
421961
292568
174565
131426
530967
47500
251372
278368
670014
69363
764201
228417
397161
357743
645878
643778
609040
626852
61692
244164
406426
986777
971413
621047
441262
763078
843666
153318
381359
893871
301988
193937
277735
832962
108352
231021
655000
357644
654744
393921
314397
570126
942816
881657
533629
121926
800596
30760
586098
429279
888607
631579
617921
724750
472862
382173
286159
513307
806551
241030
419429
103175
611338
61682
625147
898917
812448
828352
37453
662049
208229
740456
773414
387993
841462
877520
813654
581605
426057
238243
596084
635076
936619
939845
399568
544281
839334
777922
485697
138680
226193
500711
884190
782294
681944
368117
240850
840598
102429
532318
3009
88667
31686
658465
16673
390201
288756
343208
350468
461241
104061
447523
570512
748498
925503
268217
105994
152884
170684
944246
736127
710155
476033
325292
869922
292517
745986
449225
514681
912483
84402
554847
321274
189255
27689
133942
876603
690291
105916
880406
378431
930694
691222
270059
492477
617329
789713
317507
895014
535287
5985
567442
208529
813921
761499
526990
18652
472748
905613
888912
91414
272501
136012
241970
215649
829577
824735
843793
493348
217473
154107
288549
734121
567446
459371
759293
530703
856709
30500
308955
116585
823044
36278
414442
300220
421820
682845
958875
862190
243695
966770
717316
699531
612661
404378
986703
468496
336368
664994
370612
157691
563934
246352
732206
172623
647720
442215
657943
722764
898884
639098
599982
266172
711774
520396
193083
721804
12943
344100
21270
836802
597285
94317
558750
718008
147800
147954
700510
570824
117721
948906
654658
315096
12694
716305
668525
631322
128782
706511
708524
4679
759759
962330
886450
784404
23719
701687
48278
664478
630324
438081
375225
586242
669843
748811
576923
414083
530567
615661
892884
887555
754318
750065
606968
119162
311434
624182
819275
598667
919309
790024
840099
838564
575782
717160
939828
205886
316348
947309
748921
30720
137533
488311
961186
404141
649168
695408
919005
749200
782371
649738
574193
122466
47473
157223
682555
549611
4616
875062
453365
777877
894293
374690
740228
818837
295272
869785
599778
11538
675624
58798
651118
131211
509952
296326
862046
342774
620356
828695
96620
956132
126600
98909
916536
695222
526082
902136
821138
537545
578363
279078
940617
719338
30822
802159
592373
297056
931678
536453
253569
336214
359038
776068
26747
7727
548954
360842
888255
933184
29918
532848
381169
805255
38259
787337
194988
328433
801452
273278
953138
835926
490987
550720
620184
118246
3247
175374
98452
138312
338009
752309
954527
884975
529126
319010
31147
228676
370108
412938
299282
439151
933862
43495
303162
209445
941131
745806
666077
916559
402199
472744
430119
28375
290324
410170
320235
963124
67897
287919
89042
697277
434398
649587
783378
483834
102953
129319
393156
155343
51504
847110
179829
534454
290471
758424
182026
567059
266507
637974
134464
590783
193003
55900
560198
287934
553198
57372
642224
980911
951340
839445
382563
152870
590153
208335
816438
238475
7141
496185
814696
269107
950383
318290
301981
832069
512969
999887
46246
87868
911731
865894
919518
112088
126644
596012
946190
707657
32367
61868
415450
814120
911422
685440
937151
774311
878511
768412
397088
840087
414638
33357
638155
999693
95540
583758
455782
176417
198010
539482
858176
344730
613956
815398
208655
83222
847815
121412
15235
975801
243071
266365
319260
781139
819439
669935
605826
552672
432100
197050
640939
426853
908396
190567
395780
607163
333620
648306
419120
95744
102783
559749
465698
729521
209793
460774
177558
680066
203808
263437
397087
524463
996842
838764
471490
247836
194928
496559
285119
315698
736704
952046
30728
183404
533183
642854
66347
605204
510543
189816
20687
761384
687382
190329
652429
659662
125925
60698
656516
757976
701092
281356
789960
727560
312437
767395
863087
500384
177754
31502
229668
982065
327829
57420
578442
750481
830875
649782
154012
995027
734590
451399
774742
793073
658897
131519
772422
597613
111698
513339
225110
452369
219282
366848
190031
161064
916998
978545
969841
988385
127133
122926
190378
613990
830894
631298
348353
741682
393243
459484
871252
96412
899327
718857
316227
903177
185098
508513
370069
115116
690261
858953
693978
622844
823563
496271
602246
75413
149498
296881
418838
371980
768572
713522
857492
738142
88362
278261
569322
827844
135485
799396
515828
547648
210695
123707
45096
205021
631705
690445
394045
754791
899988
781335
998059
224550
896064
90013
456844
633844
253680
707568
766513
96078
712799
848330
982894
969198
852899
620517
63397
629327
234829
425291
657740
953588
464331
623458
966013
502436
111899
935043
449841
554406
49917
745298
485905
414859
633410
517693
266665
339925
801591
446267
530186
712693
421677
42353
644923
4878
455616
853213
114954
750450
396196
289623
289662
451219
597203
998249
971691
448403
931620
742598
144370
675700
261567
927470
837130
866269
790547
548685
755688
751955
654673
845002
370466
251085
91788
695139
418400
113137
37603
573862
553529
689683
635117
50268
666035
159027
391152
187767
653369
794179
913143
198837
788120
568106
94102
854116
354951
18688
367517
515844
171561
591051
609145
439528
567341
353416
719010
497631
48161
537272
965183
294816
760078
46618
198072
577720
354979
140624
588645
419306
116244
744493
356702
229719
419115
302084
751372
591942
203806
405189
517944
66545
987546
567788
934783
113242
439185
591085
365019
220809
459758
921403
911754
673671
234283
756359
629547
991334
215193
500641
663922
278456
813290
615257
893566
446676
72734
265077
967982
700552
527281
778806
470141
42807
677283
726991
810926
874081
582016
558045
439963
473839
573840
550527
140403
749436
320166
856658
787523
923381
345223
884381
292657
905325
61855
280789
823437
742454
70507
108856
72315
868647
156694
653862
588715
728513
325915
75603
849299
584388
439894
151883
35853
680421
66854
952512
773752
830301
708600
871685
919847
459682
920793
838972
225844
166264
417961
388769
561939
590027
150670
336312
736909
667970
568749
131422
784569
209210
300278
395365
516872
460574
804634
748891
351096
804814
634046
373229
499490
98234
568771
795361
253550
834892
396933
441070
299002
918475
435595
75994
442499
160874
671737
352031
515908
799456
735846
110893
364009
29518
107848
80437
49440
293960
819210
828428
385637
752125
173310
653811
271436
133677
535628
967857
356360
658050
164549
891134
414796
58421
479273
581180
48085
466435
413843
839411
618094
665697
682474
67402
386454
43138
142308
858497
474079
800364
526379
703932
22481
693951
952124
386966
999703
521239
929782
372167
95310
914844
607413
340242
773081
144096
522178
405760
258709
400093
918628
534925
619988
257222
762482
417853
734080
167553
251959
568932
481647
617495
438110
680124
889747
964138
233324
632415
787764
604030
560614
430373
125626
662884
956785
39850
334975
921137
654853
582769
275315
951616
308262
782022
584082
89465
254838
713824
57094
754579
183354
552677
949056
916685
566503
830635
833652
615328
151937
968752
446840
219024
68980
361580
834739
172856
135740
428428
202352
818301
831536
852405
200193
376427
460479
794175
951203
76093
263794
282165
243588
836470
451059
47621
994959
371877
841862
849919
798431
489256
836188
530916
200051
511041
175755
825912
37349
6141
656012
165883
969741
86434
220707
862106
440394
618296
17343
987254
341074
937287
918984
58503
60149
459108
987675
587918
9043
598718
119290
970790
771483
489159
333074
106356
182043
160056
493210
235313
545301
702871
848538
787407
549876
630177
295673
210853
989908
848019
199778
406826
625553
392606
7085
67595
722660
702330
235402
50241
911836
763681
340807
221612
397648
299104
636757
282418
141050
160953
695191
166597
406076
707930
736986
712655
462254
673329
376542
952047
561759
414230
988932
784360
345878
3411
846153
802630
205179
703319
434625
522450
397284
451471
552734
384107
581255
120856
981862
459119
526758
682267
926504
745406
897311
664448
280824
279707
763231
139393
939413
856692
862956
212533
709133
844683
473183
662900
583810
142720
51595
477279
18774
936633
152422
916476
963131
212825
740539
405120
749289
322616
500129
490087
768448
989704
788604
384046
573357
536193
666429
667455
398254
256096
300204
513629
40086
821284
208558
210817
119558
551552
819338
896079
72241
893279
588495
942975
315004
505553
592041
249997
425596
457093
688783
17979
639954
231315
470199
320026
296606
712148
272287
197794
415048
78444
897751
203040
200147
515373
661915
195588
441729
694782
760171
220339
791613
737936
423787
157043
226882
566876
900233
955234
836596
520761
535099
168669
936185
335908
293018
881981
892208
67034
685048
141442
896231
816958
195961
561602
892848
686975
818758
731903
828601
534699
738498
677140
511335
434096
360069
208371
261640
50396
910770
59728
564431
976057
725669
240359
806792
288866
371704
535673
59593
634291
931114
334828
620455
120031
265783
345645
811232
291772
561619
18487
913675
619396
563394
323816
215727
332092
584618
694159
731380
871132
413424
811900
99203
739104
698025
895780
487863
188713
982746
181263
297316
722917
99890
293406
51510
645065
138127
357923
644894
864166
788451
664504
218862
216149
851011
870721
235334
24322
392023
289282
142558
142596
677355
78997
605575
199298
673034
129009
583707
741779
256959
280975
423792
148515
161724
662262
693324
599728
142576
910743
429216
960198
631139
881818
711981
780866
808613
602626
61544
8623
65246
247824
446263
177562
33649
773270
988927
773413
428098
375093
210175
438303
664078
259295
990680
545463
474768
851890
666643
846813
708742
154186
622617
757968
572798
873906
588415
921155
544214
220406
367267
879542
80530
3622
377501
264142
870218
666385
942342
851480
622051
251373
26398
400022
869416
723922
608117
235117
934704
607462
665192
445349
607629
55498
40021
805179
273191
807989
976720
392871
685913
168133
926049
897357
569843
479469
353450
364248
34285
976910
44186
133476
413764
419802
444457
435939
79520
500987
979094
134210
351890
902913
818754
437635
30608
417101
252283
512248
111612
13076
835801
783579
716474
584714
703277
377240
352383
50348
516986
53458
85844
657961
38054
374072
709511
389961
753904
687773
403014
198578
376470
988821
525403
156174
77491
119719
53121
850415
522674
948275
111495
717345
150005
220663
420449
344977
603526
113575
726730
880345
601355
647600
615314
228401
969400
705569
466391
62330
337152
568072
912896
875320
607066
278773
19575
246732
21393
30939
630111
201517
447230
475682
718337
471249
266196
687096
253252
777876
200954
485889
143930
353804
391246
436078
243115
495743
385026
697420
404752
776084
937640
793689
986406
215785
134088
454102
40164
838041
918399
914130
995927
749434
937874
848716
806596
886235
359340
943910
590131
56547
238096
310211
888132
118490
555322
598138
535610
173208
91811
487492
461899
645504
811388
390706
141692
93324
333342
253679
369798
886012
515447
77988
787093
78735
457530
455887
999163
657975
681959
861557
639840
196766
345572
753279
700738
593589
162527
916550
358423
320071
719064
909428
64405
7118
132048
358967
128359
759844
96302
202846
842426
280570
623857
792774
868245
811341
618567
987040
498977
821732
433735
161836
992207
580968
400882
444429
964910
552462
170166
115943
706969
554381
653470
112913
270010
638604
781752
665048
827920
672494
200700
871215
565269
110710
598929
414099
918195
682943
134685
611347
839627
890797
175017
359828
219348
988155
870978
918189
45009
602423
620192
190208
177655
785389
29091
386360
274030
164376
1546
133359
863244
829432
317920
847113
326840
972387
485839
681921
101268
737437
208637
285912
225635
64120
716439
594582
970809
689613
45481
954084
294025
328506
73228
481462
670584
229537
534571
907806
566758
210296
549878
984710
264779
974720
853184
219508
182668
320429
88525
350831
645569
639413
134200
823206
44037
936936
752400
368336
261995
698802
873940
894016
811742
19379
726548
217353
505241
52969
789575
822381
206354
854695
185842
512483
671589
200227
750244
998559
689758
666640
914499
284276
280012
447361
853509
474374
985330
761054
785505
562886
61514
601034
658448
437459
147301
262367
360075
195059
795940
710237
392526
114524
122203
469686
702145
363486
596339
888113
913622
769058
695917
758062
41075
940323
976803
337276
807567
650496
992919
907052
139728
88620
268184
325068
509396
485972
235349
219760
984025
387473
215614
928087
576850
375527
96795
217438
725482
585938
582291
930491
278089
49930
417122
256866
579171
305012
136315
129401
505157
643227
764956
203819
398432
664630
429165
854391
380603
762949
510633
960804
961239
458022
830482
576776
267981
256349
278361
744489
462079
823170
616151
516749
739097
227138
179824
216558
54996
767566
787594
664709
198576
90525
890722
25740
139742
635244
82810
425804
211465
655607
930521
966631
440066
41219
757658
380205
806659
564971
128361
81335
516065
232196
447436
425404
24450
125480
289308
645321
782271
719661
242881
702683
932216
768947
981929
162086
225138
264069
988306
963004
532763
134965
301308
788763
581232
688660
38934
834718
503359
478359
977822
846230
779380
967270
463141
943543
512056
612637
16776
979885
876715
76648
960325
45899
379360
858234
262219
885005
282689
619732
808969
428009
580770
515743
17630
209413
928853
829561
203487
459756
477724
188290
110512
702977
402248
578926
311682
790287
506972
615423
760947
622360
988683
415288
617508
553106
255681
634150
350301
618528
447279
159896
652723
118239
236675
627348
523433
243418
639763
205107
271317
506779
847577
97777
45180
802138
641373
730584
536687
766882
265846
20694
658921
927993
224834
970979
686535
109343
106355
133909
76569
456729
427715
305641
203457
31028
424059
756626
660596
553360
280275
768585
716636
553846
835457
417297
859861
377493
489016
461801
15583
695009
423983
825554
83122
22672
653168
88102
631789
286432
864409
436162
724069
573942
310177
100425
92027
849287
408832
242857
719766
830845
39700
295659
548632
542557
692114
999255
143283
740267
293074
72216
90279
93979
345391
782384
316451
523449
303727
434595
226207
825959
582548
173317
655465
598674
357386
990244
927257
9316
483182
879980
301615
551628
726311
756138
438189
616740
409117
93857
47661
267291
222385
527658
428386
79389
110808
427109
942223
793401
336830
494706
383923
828310
996132
515166
505545
201159
511990
769080
88680
690887
149712
38710
984160
551136
497377
540287
126199
573356
891553
500708
252353
839142
17578
526387
883666
910881
778570
555501
742270
149646
189587
760851
110613
143335
310363
693001
277594
475713
775428
730776
267814
505935
249733
815257
438410
634147
95613
147225
19925
970346
9101
664303
351570
299887
344886
628340
100676
570752
139988
526545
879322
591526
628194
880480
800036
481932
774475
373444
108884
787217
348988
139963
370208
809385
399754
790950
581447
883215
840913
368338
326312
269599
448801
493416
925681
29540
511376
698631
861947
75870
877578
894625
679914
309292
847315
603573
288108
690328
295945
869159
141781
677096
612450
342528
909198
704883
759124
711750
919576
682686
667801
952598
604623
802314
311962
100272
550712
337043
910982
317508
776986
790291
378769
41403
113801
549478
449353
793363
600551
663308
221793
606679
926421
957205
408656
219562
154350
88715
670671
292116
321795
857769
109451
257959
304232
856108
881265
348034
42400
449092
972032
47567
24744
332244
728024
475384
955145
703813
594943
691043
869572
949800
321651
81384
956536
495958
242297
836430
916572
573067
521658
325347
573041
118234
448508
435167
528711
966723
941812
345866
147210
351853
821886
731168
553814
90340
817422
574269
859852
404802
780649
172580
523436
619386
92524
899870
352351
57100
546050
989555
984728
623931
332355
21819
268631
34090
988806
56349
166578
872113
433606
887632
811459
987445
429320
224267
702886
513577
845566
416001
322189
767664
249646
295799
622966
377311
645075
812511
877341
558154
110003
124907
956646
531358
958509
483443
575686
14303
101434
651326
466698
501185
236182
658261
634256
235793
447061
974954
702755
192386
749538
450601
561658
192339
552715
625550
188866
98075
580391
814946
872464
858829
644375
501678
269153
527911
126427
78684
725906
107283
84762
370383
658127
445695
740299
672544
12340
795930
566452
152208
404888
300470
965537
133148
527367
126034
465665
653270
343187
582893
797249
494900
825013
265565
285591
664827
395105
259406
244878
603803
6184
53507
432441
194193
384308
299747
721003
27796
164045
250656
734698
788510
431591
281345
233166
337518
790374
763328
141394
905292
381988
88999
604118
300962
548251
307976
29729
953803
895839
619842
352189
281579
807208
629185
230335
749320
222805
449362
829609
453631
434500
416950
104607
783710
631486
50220
436135
945739
628773
666427
156874
266771
351311
944025
114426
688268
288676
374868
88854
434724
955862
840185
692378
436719
733480
596547
570680
526227
149391
194176
406861
711839
436889
110769
359500
39701
404663
856205
903310
802939
127898
131496
527752
237673
172286
692510
456048
20121
503346
648104
539494
708232
421795
64970
83034
419639
117426
308259
817129
961226
473039
550148
8179
944468
191761
51157
937545
591172
688911
195235
680030
598890
719865
399633
920766
588994
826476
118883
73983
541961
618041
292693
745354
719946
108987
808148
85772
584077
189205
105075
712097
499636
549742
640737
47367
167797
904930
111714
665216
627810
633319
819724
199891
28086
873641
587525
620914
45108
207732
564354
194731
33905
34346
752000
546017
558829
984793
57849
129573
222073
657106
184124
436506
519718
604750
269324
710639
810276
234771
892134
910819
137268
445164
628721
286504
648995
314308
363103
246162
712021
649044
65924
157922
58267
537119
787936
360125
966470
569492
22421
316236
524528
640804
303020
272430
801129
300114
125868
775285
989177
569204
811346
642243
706529
934802
858031
469499
866645
909620
975297
333140
392054
848965
812160
790749
683319
213735
52842
214137
945718
223694
535995
626085
352534
54214
482885
300518
668417
341508
535547
95501
980224
892873
89140
625388
472690
50149
208414
950334
58033
475297
203715
21185
561999
444337
694702
358953
172836
608030
608309
141775
890669
432781
94689
367501
529495
994027
553524
333666
500996
473118
117507
987506
995554
603754
441012
591468
35100
799483
482148
259975
870336
752984
691244
330863
70628
692598
384370
788720
958419
144815
653540
623662
201972
20631
479837
924966
731969
719321
814579
205074
434419
743156
731143
42761
119411
360419
763081
150567
459771
678645
686785
799602
654223
484374
941468
57275
247452
175652
555477
890685
409900
654863
978566
498762
833677
524959
465277
687218
452944
219104
61958
166024
132626
583863
377356
436613
556944
639987
423939
13787
915076
449949
415612
435504
728356
218949
520380
370391
923717
98740
618691
142200
974715
197108
355077
461671
901790
831797
501986
684697
885405
95022
593382
596904
365275
361709
656644
127023
968011
802477
179797
725617
5547
305477
707731
177881
572449
404755
896169
16189
294926
131220
87506
386754
233668
934617
550950
84535
173858
871091
913962
37955
593025
862442
457897
541644
5089
668352
740386
282350
998478
610951
921704
882848
716387
964075
20992
2546
236912
166419
862614
407083
66371
171269
440126
390512
607935
277544
443643
415353
293495
846487
837308
317194
836294
309079
11067
552128
494491
227136
5290
230268
233037
115143
280245
810321
383289
526631
697305
662453
858675
65113
970936
245344
680985
704438
800057
790855
978430
702924
699853
445040
83258
640360
770587
229680
429736
856781
609076
851150
729694
814564
622787
7425
133603
209827
955388
721199
697400
459374
248325
35216
899667
21853
586467
596890
132570
764322
640940
143882
112177
213603
738750
395657
618242
403808
107552
942224
114121
500219
143787
561783
46710
887030
632008
62556
623977
485310
366432
553632
428239
430922
13694
341337
449988
222551
940336
223940
940084
680993
721578
444640
196149
565532
19772
587412
8206
545542
949587
497723
371313
432158
692360
343465
670635
543239
660009
792156
5439
975592
547105
712722
122823
50437
933015
500306
688499
378105
411125
883770
888265
925271
599491
778096
16215
751336
50814
134181
182346
103623
91464
407784
718499
32788
164036
842296
474503
206936
334053
464652
337986
981562
314910
397978
507403
684106
348660
838607
147338
137958
607609
175491
631952
760104
341708
115368
86899
585056
677887
343436
899678
390645
780363
277431
993054
840812
416105
365339
884271
204282
55179
253710
801069
800598
846336
994768
297091
9629
48783
558021
446534
39415
549963
699184
980695
703874
410308
18147
166607
960570
479443
27200
758898
143479
858013
676236
18651
72234
289593
452659
885563
166094
26336
574995
647517
993790
425919
172376
370961
578174
428227
378452
584027
760779
257721
921273
654617
344531
565830
132707
426867
95025
841939
355925
770872
513987
656334
854612
525052
219902
258029
68550
138749
156059
115571
124899
203592
775668
929005
864672
522196
541629
380478
462561
159431
534676
17942
508695
124657
816962
268003
676383
178228
589222
734227
85642
97922
615973
545656
275934
268543
169032
54560
251805
738773
487029
694097
673184
769696
456568
938090
305074
357349
826037
812634
151646
79257
166397
20489
298142
774466
403146
307716
152109
195198
20341
247628
487636
725132
263750
154076
966155
582394
574322
279744
82379
188695
237364
231170
505918
787655
462784
969133
316757
473523
115047
294398
248018
616485
526530
744421
83092
530681
534818
764289
170451
616904
48789
417365
598235
413687
617515
809118
497604
708080
759872
239694
907195
475214
625948
713637
999545
403503
100899
814626
752458
876965
197894
573001
860182
181498
941598
22987
775678
649109
831601
168582
349127
251392
574371
990525
514001
421183
481603
447934
490794
634082
957725
921977
100463
480922
14699
445490
619056
124719
386916
457819
17253
263383
381597
174368
611333
455710
228796
655734
731565
566701
584223
660463
22520
820381
551652
201800
332980
143077
326336
470186
999551
680533
853541
482488
740474
464909
693261
719537
811089
544718
730330
687962
921436
272580
141086
876875
849170
757424
820549
631994
520855
988248
971139
625346
562341
931883
913154
350074
486734
690391
341423
230753
765771
671839
201690
588545
916063
252319
911338
949368
460512
490521
238840
165383
391008
448839
14054
164525
614980
525332
448847
431933
969336
902497
633161
573756
95977
50869
759098
415343
883817
252481
412726
368371
390518
359145
952752
91277
297347
936881
519878
726054
645334
937075
837974
203077
355293
778373
544249
677547
736435
824893
907059
5885
59256
59007
845445
922195
395650
710022
659092
154218
796857
713164
806331
881903
197279
707611
95929
972491
869590
948310
515924
183659
440802
981958
360284
978849
324051
985820
6753
382596
502833
279958
87539
270533
614404
704873
432359
209
56131
192686
199975
98751
848005
830247
538845
803108
454270
790148
877588
368173
374448
722224
881331
277334
565714
785067
370331
82813
543009
658357
68272
616011
719374
721691
230735
940417
916127
617636
35663
387611
462727
774622
545971
649388
248883
727067
181852
572264
365673
252373
127388
661223
404587
334168
990725
558646
280410
508349
539365
528956
167696
461402
790533
437413
402030
852362
254643
30938
381501
512365
837728
176573
276169
468285
424229
994451
862467
744896
405192
178077
419796
572914
796512
472793
545054
223153
293450
46964
480140
215733
485082
793423
13259
422228
129517
555544
102857
449474
556585
305210
744900
815399
354406
101584
203764
675880
915724
630218
201025
987975
90924
86181
597998
569184
712079
207546
384970
234577
548038
927586
35586
853775
279232
288883
318855
941943
446045
106448
558329
999636
432074
57231
504654
765511
311328
195904
192753
660905
604199
708132
498791
805782
692910
161733
786201
584185
144883
288207
933773
15918
645112
767852
609764
263751
469276
544050
435308
474931
723569
758043
160828
977631
518183
460518
698227
433015
759884
219826
957873
421181
320722
582276
475006
219651
970276
398049
700013
649693
548184
85796
464786
257973
222900
669631
191919
207057
597755
558428
139576
966677
323998
376290
615584
659627
160362
409364
705231
51877
290576
306330
427433
525983
411440
586416
849171
617747
243168
543864
419284
418874
814260
423969
114772
320010
850793
952099
141936
990401
314360
865929
78933
80704
19885
288030
621950
182987
834611
78503
861504
888813
355036
449017
265376
187723
383807
902740
394829
319075
683849
226938
966701
567219
505614
544093
138783
225649
750362
396942
895496
145425
83121
713914
13649
103912
795028
705792
545224
741476
519372
901688
504533
748175
505580
242165
290931
333043
926467
168241
982684
834663
442659
759429
242133
933488
896524
825660
700335
712673
212678
342013
604815
534084
866025
75203
989472
773756
302085
202404
633620
814998
165662
976427
98360
245479
754504
750636
265689
748788
916358
286101
387838
986760
455569
43522
811711
596384
370413
371556
66678
559934
768595
843145
125481
720160
698413
161767
799003
852683
371802
28726
637362
883465
457627
995831
481210
425272
524700
1670
154807
409792
841352
158381
313836
748199
289323
677024
787269
543820
326971
600789
814234
770605
726361
726717
419739
596978
402911
735207
215576
190207
163581
985286
73282
188493
501879
969078
143236
801614
776253
806667
44226
875118
66767
706364
214585
524323
531880
229678
788373
334489
54439
226795
225411
673857
202965
771643
128488
700836
369542
638289
741207
403589
892108
651925
45232
250244
651561
89263
333503
235578
542163
778550
936791
737387
729798
888527
112225
677423
166687
623579
610272
794454
884495
460310
992214
563766
919530
725932
671428
77822
659536
275654
519239
221239
707332
54601
317700
261171
656356
514144
895481
111266
139365
579689
758173
291456
571278
622872
939850
835031
867024
12376
10709
596863
218834
993502
795824
618657
994228
991191
262859
201543
414392
70282
145582
292579
177278
747465
261651
991321
773943
49860
247650
231628
627019
230410
73650
949510
594802
266929
180096
987029
76144
584305
844203
42014
32626
398291
643682
301469
996019
684021
97730
922134
556804
556827
551484
859629
672063
597058
479148
460920
454336
621329
320471
781871
283531
171673
247572
805471
47944
343961
491099
51705
748564
787450
997652
232238
429661
690226
7534
278307
442490
651397
473325
103662
826214
83096
411595
255479
698565
659571
422126
456696
408573
555394
578921
737782
506202
831362
365446
942635
814444
868351
878382
697589
754347
807538
320802
107376
647010
272391
134328
574963
112573
535686
648825
714191
784277
384603
900308
942551
401884
809797
316459
661308
526549
880856
380982
681240
135898
233433
714026
832600
953600
355920
913359
444462
155923
266961
425857
446557
732958
624775
472643
733183
34290
119064
333501
881576
474376
208354
966819
406832
381429
894091
657889
478912
294787
419766
64375
448050
306341
129195
399133
951050
502936
278416
973512
741253
45206
846470
400663
155766
875987
502547
493539
550385
757841
742266
290352
664816
495670
654809
137627
48171
929273
955840
323762
215689
274365
926113
932962
506314
449856
304859
313004
191687
946702
428473
78348
282636
392114
797265
833381
935764
381747
974092
482140
896441
956530
649276
827749
331515
185776
661688
379349
61770
844328
34120
863048
53183
347576
38636
883367
977347
695060
280213
4553
337880
45188
417558
361963
316128
74341
483736
936628
39119
338174
477010
751737
810176
132280
435041
202381
600137
299501
678322
859386
264425
449138
251530
890650
23648
648749
445267
871752
858189
134648
894038
407187
389114
534072
69890
413915
7630
533422
454458
955384
376686
826081
852811
335731
732912
132326
284894
729869
994209
460764
178720
874402
685816
103844
785810
781364
969448
632722
834332
72247
297417
702743
869795
438083
75429
6547
814354
909274
922699
873365
708231
974288
701543
542797
117102
696353
928866
187183
411763
555802
819786
351632
681026
716327
497827
880461
918992
600856
775065
649679
952136
476080
774625
696765
818703
454218
817394
445067
230770
139401
546253
14985
69098
469986
505535
469471
123341
442333
585585
523864
769422
86515
387729
53983
13803
584425
717853
822502
407758
975071
564266
356530
35344
555233
268204
543949
671230
340195
753832
880704
699574
773702
662454
944252
881623
832444
764254
104949
742174
640261
58610
210782
840449
317345
55751
106834
657750
276325
298335
807081
744216
876735
655323
259977
989574
584619
734022
983127
67530
186867
771962
97239
516597
903412
272623
566699
505957
512800
583217
754498
166878
180951
970231
482847
656258
646865
68180
93544
284449
465464
363651
609244
402400
532213
803464
618044
360603
510937
722229
199609
386927
584708
672723
990471
732376
115446
326404
769571
816455
813363
757355
772971
716190
537851
275305
219716
441601
570887
943010
819408
373636
188515
84775
33631
259690
53106
323688
803059
924799
761540
739679
430085
820313
120779
85012
287013
593948
471584
706076
849084
323502
154645
136949
323569
233548
604914
229703
520423
116766
663209
43766
807492
159109
147263
942982
131765
415687
476459
951856
521092
683077
674323
488184
340396
133122
127927
594342
43177
873841
147511
929476
568074
517893
652795
963146
500923
134150
674154
344745
59181
639589
973826
574532
184035
203480
581683
399061
904272
918425
429542
948738
674499
733567
516801
565748
640536
975940
474071
513971
467956
301570
650338
125160
703897
996033
3387
637108
700466
764695
980405
72379
421653
725109
572739
620241
331066
543036
234333
438698
60060
10453
82225
175056
445199
33956
658664
555045
919341
440883
240511
601832
900065
654684
254120
455625
207323
515098
62141
584227
784200
488728
88882
150513
30827
404448
186989
96167
237647
602513
214032
42905
503137
396855
623962
352330
127657
365412
900981
824390
304241
559818
115327
774912
348619
309501
922663
699278
83218
772943
21010
3147
101229
480506
366348
361118
653541
796603
749374
922655
881160
96353
476012
475071
774839
66707
664128
121772
862110
275672
189613
852163
517345
312196
66261
271500
596613
243573
260865
473999
721123
254391
669748
439128
411941
87712
503838
68113
216906
255018
480440
621025
990950
35112
953977
524245
331117
849063
806038
428692
392821
624244
912773
246583
441183
265943
48142
635472
594740
217336
314062
530861
253187
728633
332190
442410
813573
187587
949574
680684
538904
590296
744612
806372
267931
238353
586209
891169
597823
891815
391301
451317
952714
646283
491820
117308
270910
428854
691282
420190
371542
902751
905923
192778
591290
811144
349609
684600
20293
539609
284899
356465
95505
718531
351627
939290
641937
302018
254384
993247
462012
389274
216657
363607
55969
690996
386408
662238
790613
998983
323860
57399
39773
919126
817258
322854
655146
250735
951018
289998
249566
792739
140718
534943
686080
683056
961529
781773
21946
423149
600316
355762
434742
212992
576245
68896
470537
411103
394616
425773
322193
896674
62451
608445
3394
803902
337472
564771
796747
42489
220224
677249
741738
48664
688657
70992
61748
135202
372956
916140
930720
311709
248506
623202
239823
944177
835710
587490
272124
273357
93719
498093
348422
36084
649282
637986
82818
477549
496769
646803
726930
820236
843630
102581
957420
715140
256002
655814
368096
949142
637143
75699
586085
594526
20383
927057
352648
132754
378272
848461
271439
321709
14305
446319
20214
500458
292974
213078
148826
387381
634518
93485
655679
264130
378249
6455
161512
112019
75691
973610
337642
557247
103078
235961
858887
362526
967839
293754
173446
952737
209702
163347
918436
393151
955124
434709
365046
868088
991457
568017
347872
238067
844253
257499
796399
277862
101487
298662
660503
521205
668971
725340
310695
220696
508074
22624
653105
393800
768599
735411
178769
668391
36687
619446
286296
203
920132
146124
698335
597895
981594
268501
162958
918357
458227
883079
619520
570736
870426
632836
702888
811850
143192
505242
530087
149559
9926
72753
140839
578820
177281
309170
261828
623487
263411
789613
618993
326094
685074
176006
594920
430876
342850
42837
487053
888992
830463
537609
286233
813674
86103
110431
546365
856232
164785
997485
214322
500337
179726
923284
71635
818107
401814
473329
94730
222392
449886
655885
390184
912575
97347
641013
583348
742549
847770
240303
862530
208911
270292
342928
428557
106549
868600
764386
493528
989534
793918
285926
849248
343713
203666
10454
216163
929753
674359
487923
659441
494212
208985
193560
575185
784326
116632
525937
827033
582663
30308
727795
781573
17112
165996
38199
749978
701041
989449
808485
868878
811680
485834
970369
329034
750188
459105
814116
731352
194024
82708
478825
990499
75788
700161
286363
542895
630714
416842
691227
612298
18390
655728
788457
358845
301461
67806
816824
540350
701824
127120
598962
263846
917038
526558
501439
892432
656141
672165
543263
453032
354362
499243
892230
446266
881308
799286
114402
525413
177554
132186
275878
14261
7737
617558
988137
86079
360607
902523
346694
180695
571665
953366
966273
102452
746711
982493
293002
345118
354446
610393
430868
783682
256698
814290
884985
765280
774161
781675
967754
64888
591503
936516
449939
210814
12749
723012
122464
987607
614135
359190
232698
307526
279922
33121
497853
52868
933562
503622
721327
611304
964299
690923
659247
754414
43380
24367
387487
196740
343671
769173
996650
141457
298823
716689
31049
881556
990480
380083
860778
204899
115074
388733
255282
125454
523250
2393
994439
555908
327129
188846
733224
319639
608023
421502
972300
502955
305367
511658
237745
742234
504523
626534
154415
437743
552066
25321
214915
737622
755446
174865
462000
281155
967927
199984
561552
497375
897740
587059
716962
18035
787456
827052
491631
915451
303023
654924
959603
986335
422583
449009
769728
430222
716376
860685
380012
571647
476574
109785
447669
227688
393965
757707
537112
471444
164410
430504
865963
124240
332912
592175
832826
353072
139145
550105
198684
701492
203378
576215
509795
735786
117453
896460
265310
466174
327914
498144
284120
668280
429961
580436
98469
276034
78006
170240
122370
494872
100145
806352
496389
337627
951799
718668
753256
127759
104757
725450
35765
919627
507273
315717
534784
573738
728598
155654
163827
540451
131020
921398
312682
998619
484048
765088
668716
557275
25752
673725
868973
179820
500058
473201
729178
299832
194856
48959
778861
316957
741353
504913
407042
200057
156627
186451
227654
65511
354316
221910
449248
137339
571116
928865
510051
992235
664447
407870
419598
414331
933432
484149
843765
684809
926794
974412
806576
453193
932576
160964
581568
641567
385980
25119
560134
777733
445569
963026
230906
458846
91157
389278
199241
540416
508621
87725
762428
921962
259213
992479
588674
167954
907395
677832
624671
254288
146719
980542
709596
638940
974334
710948
656232
175440
94719
455682
309632
895458
823049
596946
721780
482647
356231
801590
792203
536053
850742
767219
893574
878775
355890
36292
720299
454660
588678
124810
535316
294825
565047
746351
18542
743876
656374
500229
164157
226922
128064
536813
773592
629103
175371
654421
895029
86996
507151
891111
196543
635092
257344
562386
977936
215404
206340
894141
828864
315172
973079
614145
513337
830990
301964
818583
12414
281177
530573
221244
961729
484876
12972
996662
435701
731498
52397
672799
250096
630428
38018
376543
114312
832637
32993
406751
124883
877594
525797
429983
338725
812347
774122
505571
224922
37289
225835
545578
940320
315772
979453
753361
850790
893458
444718
623805
183608
877454
679219
859705
654042
600049
430799
866921
797579
483185
274867
925228
887926
369473
547952
736889
668891
995730
650429
428551
974855
260004
518628
368619
210531
316937
246813
949230
341200
456580
236990
43881
507219
28938
196267
413440
75887
114054
219581
226734
728777
457263
876560
981310
587150
183505
318538
965067
759218
318762
428382
283639
147425
638464
327371
498383
684472
879305
987046
324867
385755
413117
488138
259536
361185
474093
224162
653469
887706
637172
167291
494280
435428
367417
199567
427919
565217
168640
707708
185333
41240
579027
211874
406233
205447
753724
56621
974526
799672
423192
820030
415884
950720
854521
188209
654211
299640
147316
711762
362799
678515
162523
104980
599302
343501
991912
669352
197228
884666
25174
874392
952251
809769
934365
159050
565843
887168
473762
290003
319209
430250
147624
232508
274631
23882
523834
210986
479826
388461
376581
90442
28560
941950
675401
944346
561584
915932
151014
613647
966576
591920
628760
129223
183903
132377
71813
504549
711464
509759
703117
814852
666930
482212
203086
664064
265923
895731
829246
561536
539485
257845
764015
484578
887021
748504
170818
8904
559738
589151
115395
454379
560652
831814
464187
570361
320304
117598
499599
913263
908518
499262
627805
758241
351752
509317
514635
664165
908228
95912
490725
958937
674897
68276
341673
441348
545331
259134
844362
556133
156703
998664
14955
489395
729638
590974
851543
67874
41568
29774
834949
674466
7234
212320
984402
738262
535177
107829
487747
472575
580786
621618
521398
396579
766850
792279
508587
963352
584787
128186
661386
440576
320592
24563
777132
555484
863360
585031
464938
493006
271153
738536
35592
902017
65110
940023
113534
70103
617301
621456
85833
32727
126480
382515
118296
42100
887702
146532
529642
987179
710507
149633
394678
969803
893332
743839
928498
805048
800680
433538
6729
650345
20966
711082
770737
911322
89470
96234
710332
487547
529303
829455
811114
499241
512526
500376
717335
416117
852712
919308
312374
106779
97963
640151
83823
779490
266615
262166
831647
198539
456330
405828
549642
406973
897242
456936
236031
946264
430073
769911
310110
327904
126161
210016
698822
424723
288589
872114
268287
898942
786973
890441
757986
284105
181898
741673
676520
218471
584566
663307
748574
31168
441057
337633
494898
718392
756487
897004
579771
770472
625011
126134
664029
161252
529771
369904
519075
966295
607825
644899
844413
67619
925707
390230
622525
178925
483290
373304
132201
861350
405304
859838
361383
393427
619665
524500
272479
596212
871340
253996
180183
528049
875351
863067
788173
856554
931123
121440
993962
661532
996626
659331
287638
790655
407218
925808
515775
637264
255425
461938
259776
3511
104895
353761
813169
176812
539539
936242
442893
388604
884206
511331
696643
81056
514297
184034
227052
728088
758829
176672
985914
821855
331651
384036
970601
430122
295049
829990
139097
714498
321515
612167
724388
366052
10277
720264
72907
623664
498080
825376
463320
317069
37007
913710
807919
301774
349491
403534
583112
433513
474815
504287
760720
190992
684530
963114
702414
512072
794902
91068
826434
86357
408148
397906
955370
667877
858352
93713
123593
49447
127648
78640
346836
153640
672416
160255
642325
882323
739754
667484
716482
124131
552762
711361
191870
400863
913568
845145
968976
305340
789173
889802
502565
910931
889330
823978
673566
832430
473862
216560
496891
574586
70182
30689
319758
472545
32272
282423
753052
306033
188261
79552
80967
850748
341368
646857
966828
2098
69728
658693
463966
210499
59188
622171
719617
871058
865752
294865
412545
619770
584755
423706
557624
385165
393529
474772
82870
608230
992437
127263
304988
983160
10486
159971
437025
580201
303447
889669
315200
550040
704376
281107
181871
568689
988208
85781
45503
542273
253793
404425
333593
558255
128922
181562
205875
383791
591516
699794
844579
330671
772870
982619
168975
573118
848085
661518
478175
25673
786886
753825
81434
161039
984022
420031
56776
737396
839774
5818
345749
669840
345434
63156
394900
574900
438529
717653
271558
98659
942375
839410
803843
696835
135128
839780
611442
750731
394123
753105
55219
623992
728273
166144
920466
451488
939189
198495
417702
50758
807283
482511
941806
277268
861777
507312
316205
785465
776403
29829
24699
934981
445310
902278
282605
612286
826355
262095
264301
520896
775698
289683
507204
760525
389754
286556
4277
159766
71199
782346
630856
587270
53621
679790
169737
713486
861680
118818
254963
640994
790120
185054
670960
397652
715601
844392
458557
625292
113621
505599
3882
929918
274
534977
869041
412703
960064
747127
111537
751443
635168
262232
978004
123247
556268
962308
123821
879569
137290
960191
134065
396035
932770
315630
711418
380051
72751
221931
96526
625980
291890
917417
782652
456623
691661
78308
155895
23194
610045
995397
308897
684364
800431
931583
981017
979487
796801
912050
512165
575798
886234
309503
964893
154208
448253
288848
843642
420910
492869
238631
584463
625645
195187
238200
866956
291122
641223
285657
247032
44615
430687
811325
979354
593965
939514
808079
55964
465819
680530
197092
177793
961761
385870
134558
435973
923309
898271
419303
192574
971720
922333
91240
928022
687088
991662
895640
974576
959672
426144
780175
411760
463353
215692
366413
444863
345916
12937
483721
106043
185988
259788
189105
187015
70297
872158
775181
725492
867974
639011
911212
4056
801163
266862
202069
551195
630436
663428
822547
536135
844101
900461
713924
92747
615132
689081
413014
731732
779171
551927
294729
127677
528264
385171
236732
13375
822319
733228
789073
11926
516623
255358
670500
818383
736565
524697
10612
759469
386863
793791
220882
274218
897819
32269
537775
850026
538571
932191
813945
923389
499407
363780
730009
268816
986590
686537
130538
719897
147277
46648
511703
32200
679645
79239
555505
236831
438837
320864
160385
678391
246474
601604
431947
274600
188608
251010
219724
518053
75605
93905
792142
302050
515125
568840
983832
539990
639915
180594
207202
697891
92014
963372
982219
850609
383883
319678
230803
719784
418181
518747
567316
783352
482328
969984
32658
392566
541992
888246
634496
693858
763292
813344
721807
755248
320912
491435
831093
231264
904241
126383
459496
664055
496134
272698
446216
139104
231782
422910
216278
742755
354954
461462
125011
322233
536466
583388
654908
630511
661529
856686
97912
764825
665533
826374
481212
357283
239007
161218
289935
913186
69959
202947
464004
472034
692180
951313
857375
366488
5499
916129
398820
660143
612689
189452
935632
452816
289819
346808
456615
316590
173324
198641
550621
91909
489678
312503
504269
839306
17204
389140
272730
621849
872428
819330
319542
174594
368131
1687
471957
436883
812513
717670
927558
684818
32273
603686
528320
651754
649252
745550
692594
770566
904180
241185
991381
314084
55206
233400
642809
904658
373042
646203
578780
82674
401712
446421
180489
16274
980022
878553
624010
77501
999338
275540
540091
36203
594514
465844
602393
419626
709170
808894
199272
159275
267224
798937
917548
785580
533503
728347
278603
927929
378896
719159
174403
230844
520498
70430
397671
181182
534223
471724
342651
269341
491540
769037
426690
279377
716865
293724
317010
56557
126942
294546
80799
443139
789549
906924
413412
20868
205844
805207
816480
867713
812463
781461
207695
319381
515506
670288
991708
63536
904253
139579
298880
931436
805740
959505
475419
143849
813881
227683
735811
107441
412506
871859
321745
686931
682585
874149
777166
600194
351842
399118
367017
667720
519123
451081
738138
611026
994694
305815
342526
734656
480021
47870
785821
252954
772144
748209
697687
848231
46793
348354
382382
630866
690449
837631
337306
463170
649671
647539
110407
656779
812965
575124
583398
281995
379791
200620
235975
906155
474821
250328
148451
533702
322738
971136
630086
241913
339208
941954
708546
262893
663102
848436
673160
349070
955634
660981
404352
54072
305683
936347
804845
518706
663647
364903
29328
584303
347618
690865
437464
165295
572830
659329
166669
708500
983961
783728
19829
224659
226031
18427
767799
353346
944967
907272
922073
841950
656134
512457
49698
926159
44112
497521
220133
79765
248892
461288
805413
391966
500161
551140
422328
491004
104841
690588
21276
533565
718269
79501
11500
861528
112621
830339
465880
579978
841078
55372
385511
192519
575494
706082
193656
659980
986757
161407
606447
791240
185567
731753
120360
173397
928485
942871
795060
23518
759565
448770
562315
753337
354536
567930
276002
830029
323656
655453
465811
745347
558712
388172
425557
634803
220473
623650
714346
239980
751076
60436
344879
184831
38177
815327
746487
368694
413069
601792
510580
273963
635456
549293
735766
904562
108169
802404
616807
241847
726882
383074
200992
158369
399620
703143
939778
750249
414799
126295
32221
126575
847323
255662
425454
206479
590115
177768
784140
527482
275705
938033
464471
613878
993747
494822
388720
890365
715097
596736
419735
497298
885784
511389
847062
337724
715337
13384
451358
795072
278548
843806
741848
876754
554431
470504
737548
652726
535910
72210
112772
14000
85757
603536
572032
892469
9635
227061
511517
963071
351484
344704
916574
269924
468723
226459
818931
162167
692179
655502
519493
937929
355184
185571
611556
665517
385919
846844
284550
126009
551798
503688
422336
865129
138
587876
623312
539820
382309
167952
321555
68095
298590
777916
162934
169796
705512
515621
857850
612337
289188
188117
635400
592399
383514
124210
459749
874673
124573
515025
263122
932955
905650
547172
453900
794482
739295
135882
713513
230232
172796
923434
378707
438214
386821
390364
368417
232241
442006
263016
646201
207513
91230
467239
870520
928364
581388
840610
953877
855264
206873
605259
927990
928768
513285
350641
811813
255848
423911
751542
291098
898379
374116
819767
701226
849007
770053
303541
917909
197576
13372
409444
135933
82071
134371
639231
432446
760537
560001
409438
755435
493775
446494
633270
929523
514647
458174
25099
514928
471930
330625
679678
708435
329397
18837
778905
997043
932987
438983
744978
474200
510686
987462
624305
275497
787982
323338
169958
73134
810563
280985
375868
956875
993380
660702
322490
606764
310565
693616
751341
2301
404825
669075
476235
191881
425097
410499
170853
517181
710401
380620
458438
200746
287354
251847
474584
131248
893178
854681
596526
835785
850006
266663
333011
13956
396931
486677
525927
553101
867503
618256
84523
671848
708676
921043
131497
797228
598399
487485
839641
978898
506127
6199
855147
57342
229716
941736
753349
57492
5041
273211
624364
510323
723561
532800
652576
655351
65145
97281
58878
373712
406843
681710
163533
402342
284126
330639
394244
229699
548052
834042
206702
987564
690683
950172
794523
375542
554773
927781
19173
525116
419604
76617
482742
826796
978618
974122
960676
984830
978518
47232
28428
561376
416936
53193
262445
598742
131714
827717
865555
86791
90904
45385
295484
112120
810594
520935
939833
515282
710772
539947
881540
320380
263541
820213
435281
274681
220385
961443
782644
883722
145853
204473
308412
959690
9114
783615
383840
3692
8278
38024
193298
103238
638643
371177
21776
930564
99268
37439
986134
406144
196447
980252
332472
203881
73806
163391
197734
849044
736646
611099
757231
355592
264758
84338
400157
565878
353442
860688
16878
795529
231748
398523
265219
527580
293874
741185
149625
651353
567256
325024
253769
809549
499135
532836
962127
183914
844812
164768
286269
455340
629517
81624
283249
533848
546176
366278
770674
262483
225374
787225
303817
753207
831407
968332
813015
746461
662791
752554
354584
967485
675317
787234
90767
54508
271226
542336
675949
823712
752240
938699
242650
295699
726854
68925
587061
306582
489952
122979
866469
199766
201469
567539
598770
525897
187954
758080
217773
215887
833714
222659
3514
212674
164130
252543
935457
818392
866763
865619
903986
331414
46428
370478
984821
590415
26859
304961
392799
583717
932197
534984
263140
43228
557840
442088
756296
90444
465555
965356
35798
319796
27469
538513
988707
337700
925564
525348
152531
753036
585289
868426
990396
731275
639716
368347
543522
911757
41785
527374
796136
327135
861125
332025
464657
206407
932847
788741
906457
237021
892335
786100
799498
482166
672911
361642
622395
494239
335682
899224
159436
904010
138266
320623
594115
765528
67697
557824
780988
352495
207935
623570
568295
835064
763929
85894
398960
942060
919484
369405
897576
946777
265444
607638
456676
99621
315320
719620
46516
396697
51640
587094
838677
771514
856353
227386
647932
684490
108351
152041
614872
573322
900338
518438
487851
373510
608025
317035
739000
839782
503768
359184
483100
545044
785516
31497
280820
869602
373457
186766
513350
907209
80231
325753
116472
182802
617287
629772
231125
635572
165185
929507
9622
855021
580737
662722
472378
288928
915938
941265
617354
978390
751416
247817
784659
479184
695061
174210
651487
297503
124106
725504
403396
744214
43712
418349
998518
964462
958353
590632
437890
178910
130114
300129
313053
273285
279435
539610
708616
421929
613728
319598
45619
193799
714501
936095
598974
511578
753076
477835
947582
37169
465557
398591
332659
859353
545197
546563
600637
537019
482988
563634
616009
260189
137757
499939
733836
707818
158320
890321
694233
722829
31215
211615
753768
172032
726111
500742
164849
731679
797902
136099
996167
568349
631524
106190
867925
917525
243218
411128
773212
626000
804977
477367
855673
187092
973009
793942
933163
49599
101472
123198
817069
228702
143073
397748
422053
614909
912338
613184
537979
617399
385795
898602
379457
236743
529841
585983
796941
823760
843148
477827
739363
645861
205453
198721
955962
31953
342543
324959
983244
634462
818401
698857
953064
406914
689577
739528
640548
228832
643932
593900
798867
139030
139969
209137
971110
687459
293046
66333
102527
468650
536343
171707
964195
826765
965993
636425
987373
792808
633506
152596
171663
176091
606303
761264
644062
640770
763720
495837
657073
497589
711578
517227
190808
112646
669322
873661
93578
641100
417368
529361
517568
467012
222307
564306
247449
900672
38925
115817
590287
344015
885546
51040
60051
677970
448731
103701
323552
725299
953853
257617
314153
656618
775128
50140
80082
453346
210831
92935
219097
43359
851051
211280
354384
763522
919069
457413
390443
573221
576003
492910
547000
37074
306664
519513
623290
583407
209188
480165
465530
156232
836729
32808
949209
547122
127179
561707
86563
333898
349343
118378
795617
559834
947797
127870
469154
18614
80833
268757
990460
227320
183778
592441
301015
752998
496469
801084
784990
713875
915652
184108
949493
538592
893686
995610
138272
456497
428672
729510
679580
635655
627415
713537
872263
347895
556932
433744
975687
959137
507078
574705
561896
199299
420354
31921
238002
522482
275701
954883
958912
764904
973211
369030
137769
830412
999888
608986
810110
936458
242785
305716
989753
311019
389925
864656
257540
604353
123240
109115
48453
294790
807597
291513
296966
675794
1068
81469
790798
10975
579649
559311
12841
16247
363642
827893
806725
688904
587865
499329
929624
368925
309382
507499
63245
401508
66086
384679
453970
567263
749604
477533
495541
931394
416898
350262
842129
457148
610165
84235
491262
737120
167314
883744
392421
685270
492808
503994
896144
998749
635483
11455
838660
238928
925822
611689
726885
224805
503779
591804
756353
630877
225772
454551
738454
171179
619484
729104
67544
613177
915435
797175
60969
621914
626058
920327
221553
345676
533354
425505
962235
611744
272821
837414
731983
431567
509067
392711
431985
880607
321616
96622
92844
890115
388418
804246
620063
608186
536074
807888
401193
275215
20878
244481
232450
684244
837104
892439
868172
822315
459349
763042
753701
252585
230535
255794
948120
424005
229960
67688
907269
423999
889096
914825
39436
749386
248878
794962
858277
942454
392465
31514
556222
518516
907737
662684
977350
558270
456256
579453
823593
879010
63544
835074
332218
250286
447133
865006
921465
375041
498689
385817
741161
795784
203791
402251
173424
402529
533854
654283
319920
801428
689251
756898
695099
173775
97041
485410
658124
362604
179566
261913
650707
801141
301317
150456
967887
568838
823136
687319
433622
404850
579454
727298
10270
528095
888802
975166
584308
819310
563586
931430
519222
810797
912785
598147
214546
669636
554869
120523
58516
110304
364006
71656
216006
754691
319679
799752
432950
611205
566001
651756
846317
847538
176300
772062
334182
548552
636194
776299
508841
885067
819542
140394
570332
263555
221954
644714
672513
264370
283705
830294
463183
717240
923428
692160
364392
651676
528384
62339
640365
711527
457867
371256
944049
123592
722021
841418
884001
69537
322886
12140
316053
383139
487453
718903
712271
703998
975268
807446
700694
413509
238252
740027
411646
303450
212761
369981
779036
210553
637427
581916
71516
335765
201711
422194
794199
841111
458747
634153
38386
939343
737961
247771
107074
762315
158016
10464
50605
526174
33
318974
250188
232655
641494
509126
226959
292244
275991
249332
544828
602793
400638
830751
501043
568722
316593
374561
659412
668610
469016
741586
600996
259229
548011
193476
494426
506613
59238
539112
571565
835590
105243
297580
938752
20735
386355
834391
483581
257855
916580
427997
37616
35957
122389
704509
101886
325566
473877
229553
508053
162968
633205
49651
737381
750045
918210
900194
317929
995255
246456
555644
125942
290350
667835
610618
123177
997551
722835
386411
798299
233956
240979
32311
463715
120476
231375
503668
292721
152453
879529
141125
944185
465491
111488
459753
237241
860692
80308
573147
501202
256716
788923
441482
127039
538705
127490
915014
795886
920257
489153
297253
868411
528484
320506
757685
846709
823107
160618
636708
376277
771050
293138
54687
854182
534273
70160
578338
745728
811887
940802
862562
259182
141211
946
936101
734320
257651
834895
355991
78409
612113
517992
900564
536210
612054
241775
156398
826101
468276
126236
598382
845349
921506
456781
952008
157364
723708
795316
889417
507008
952901
367376
905301
536809
140428
519161
964787
873519
423432
787010
791612
14317
52000
111611
913703
604742
454234
737008
738296
158531
677859
485788
521378
423608
891724
159769
235670
922155
940034
435624
179657
870811
740311
593598
748784
618378
903029
378208
406098
552526
730026
258328
404421
177943
867189
184929
234531
980196
133356
987639
267317
378132
651479
632053
678508
670071
455428
934747
939287
66493
266730
329774
396250
699924
962115
81495
948434
988239
523432
954248
222713
672603
493577
879035
920729
712549
798744
136253
957201
699070
817920
256179
720825
491386
689182
167667
376997
445843
349967
1756
285613
85717
711523
424095
276639
838727
673252
693402
65941
864765
722547
444084
442212
732752
926337
561093
150597
123932
807211
709180
74151
232726
390186
154119
817551
961992
234221
248572
924812
271044
509868
142512
575579
713484
183732
241375
123190
287415
948736
25093
327553
535727
53158
487569
673569
225583
462823
663987
665960
448606
509534
376220
24107
949583
166916
804015
214033
155720
772985
352762
804197
244738
153398
679740
937673
189247
561563
423572
675585
700791
103720
426438
23878
875147
635910
732487
897243
5164
524272
570768
943016
338412
109851
640689
416435
311392
763698
969564
262133
398435
638696
973688
761425
617385
461831
570060
114943
370052
682220
613052
959410
83884
317631
527705
141932
947310
41020
97212
226522
682810
250760
272016
370079
144886
509148
849240
100159
95338
357432
772292
971645
229258
828797
124818
954758
867846
798194
439407
454002
57112
309594
43645
264785
475462
907261
51786
742941
976379
315257
908086
727461
964982
170403
491784
840461
317407
713309
41223
219848
581630
308522
823241
806644
753314
54007
929394
212191
263857
384988
412483
37361
172799
915428
394955
335404
741238
720062
747072
683511
373656
317691
47778
156978
85033
81311
886627
648344
678979
17716
364866
774842
665679
859364
909713
614770
529998
267445
448448
729075
728465
399959
692403
969628
35729
650748
991518
61574
781417
505308
747933
952242
734762
94535
438395
575742
259374
107459
342149
161898
738776
126790
852346
531200
428238
204979
819190
24356
151716
106724
458257
620869
124651
554459
728974
580698
942460
263216
827439
839979
811520
296997
398207
326558
316630
819089
537836
107811
983804
659465
317214
432692
203758
18152
740791
775768
257519
79527
778437
459718
3843
644416
698101
263174
771056
776154
901884
674072
568126
883652
231711
684240
957907
55590
502688
900720
601030
856263
147055
232265
398557
927110
35886
374776
606296
810997
329991
630202
622247
556901
757307
137087
54000
328266
917126
891592
713052
175762
445256
79172
782428
69775
265270
409164
904692
955788
414295
624138
671574
475344
625857
382142
127435
213259
868785
933847
858535
479614
255558
55165
645750
623084
723884
351482
523880
30847
184866
493510
488004
532529
729080
273998
755172
881696
833394
508803
975984
990727
284620
557318
293411
82880
703096
298905
584541
213093
160159
884944
309741
77579
246617
788000
599574
353038
911685
952055
534035
607223
776394
115789
738819
336278
301204
381296
928330
665712
128906
618745
405544
452718
889790
646207
115121
249407
761687
320299
952458
799001
118257
196409
62795
839533
343451
278023
609654
801681
272422
92986
727484
531487
110229
42597
165978
98325
394909
259316
546731
628292
667912
645825
508814
142624
981488
317564
684450
848230
316493
830485
441710
888382
639201
223739
120346
673679
718005
110164
173723
326120
768715
989665
16302
846363
249540
290218
747290
431296
766130
287705
187655
98226
832770
329781
219857
963159
666014
122727
189606
234734
964262
42798
260291
425753
743409
867163
733872
891729
597035
333253
758330
643401
793814
445685
674303
122806
122200
120488
26097
234817
612666
978726
167508
361914
85204
312435
132314
896916
155943
636971
296527
320306
882811
204980
932668
900395
585768
17349
20746
818805
567851
906508
657009
744249
999662
410068
312754
516201
355313
438118
151129
639637
826505
196832
949564
354076
25328
927270
690378
147081
756685
546554
978464
196425
528345
391918
160012
9900
751110
242496
989096
259309
897999
846735
499374
926180
906890
233100
998068
425402
963901
748557
858382
228175
692645
125197
131301
506492
887182
881645
440824
620745
339931
81428
388014
814475
534612
517315
826993
89510
801209
853149
323363
467506
638715
83913
924103
954797
15553
298384
794921
830918
481072
367909
407721
959625
620002
653841
342224
286257
798925
534821
299143
492849
174850
382719
429997
426860
474610
535646
703375
286549
31649
705331
564256
880484
906200
586781
946367
742348
672585
347282
319484
968339
783017
274468
817379
363435
618997
12214
23223
938292
422806
744492
343387
787852
781768
948847
291502
283876
101223
822304
212138
120352
623227
405641
160669
863384
441181
183341
276734
309095
180776
960899
893238
395415
742280
560669
907287
761656
206126
630763
512876
567422
333297
53433
766616
652883
551014
40711
160751
412780
498969
177800
473240
513729
818241
313852
269774
256633
76915
78
902208
884764
234713
543267
102366
344689
286209
749608
478773
347651
186435
840764
682345
590375
455918
227238
457094
595254
166869
626569
870602
270395
849523
559975
332561
821542
173292
516893
82163
534401
758061
724873
746122
434483
382110
711810
380744
988901
869589
920064
587678
74251
34795
890476
972058
920155
651301
777101
487651
647218
746759
835619
670640
882970
995307
602364
152621
695000
446347
483617
178203
804502
508378
624474
296910
411224
948547
812928
570780
210607
47242
469852
637844
168293
965180
449941
252591
685404
946130
862455
403011
371311
263101
469484
233576
562665
348240
80689
78077
944576
878235
902494
305205
594978
624145
634918
831305
930040
134423
119256
12197
28258
192006
84942
296351
773100
471720
264571
599194
743245
525939
747295
22569
215192
196294
284874
976179
80770
823294
461683
601623
292220
15342
94934
256309
811906
394318
570713
430537
312997
555569
44665
959014
874492
490493
395188
241589
880508
148618
468739
184665
294267
370558
204111
677448
743903
444667
667842
576656
291260
434913
847081
252981
796889
755388
393717
336378
991344
639024
398081
968165
755522
12192
176488
583331
492637
977373
972505
229725
530986
816909
500566
618207
557925
554615
105794
304822
962603
118082
721134
678847
447720
280669
734800
194880
980230
400480
293114
569267
962483
491656
134219
414160
372914
414640
722977
944148
16634
864979
264240
214627
634143
713899
752022
984293
54170
192309
814129
242729
499046
744660
325722
529366
31830
660224
770454
385302
81626
887212
430886
197402
849313
915231
650647
815728
438459
46173
235018
145354
236115
366958
685145
166423
473186
592254
109080
717207
968586
730637
852643
673780
418888
595459
483097
216800
597354
671700
806182
797507
88610
766973
928635
244796
473727
961429
267343
609594
396967
234039
716088
887841
86999
108717
170211
39363
574706
152650
32866
118420
177354
766247
718428
356968
949144
738361
631356
32899
713489
899832
303629
479102
233274
935451
581380
911959
940986
205323
405848
381029
975236
893131
704789
15758
536889
837645
282298
773384
2150
226304
482835
957877
100724
126326
149756
82519
601891
861569
370051
493500
968999
826612
141107
205277
711909
695526
821332
299025
989778
950696
600413
682673
978707
534986
726952
740082
821216
28678
999381
157042
744730
189275
366817
306482
502035
884610
398670
343593
768336
400340
441520
768834
963978
515246
67875
532027
853042
883965
530319
96694
128867
943740
24233
91735
579570
136860
22568
58136
391168
206860
704065
256335
578590
985198
552489
522488
452618
216240
693726
474497
993857
105928
766839
878361
113326
857377
93487
481344
842664
321271
620811
916237
717827
90845
330801
150912
627426
157635
137808
403308
419782
258806
440369
322289
24694
665062
974380
882524
277539
520064
278314
856819
135386
344785
454018
348920
591175
381381
318990
164271
646254
671263
892862
515623
94592
759257
626638
917975
47786
111837
34519
69144
752152
563947
859573
166102
669692
932559
11333
421539
736276
396122
937261
208897
601073
179893
753138
742319
693722
314972
856822
379475
250324
468304
946239
584934
760743
167866
740280
187393
344146
818121
337210
710557
368674
871525
455044
925887
899533
255118
822316
626710
295859
111658
785174
863779
821346
628386
536840
921068
750164
152277
562836
734340
205579
466528
936801
555798
404117
273319
38991
560761
923736
878817
145782
325061
745644
956260
748674
220100
603837
469877
290112
596400
163312
371701
858092
374212
649184
192188
447902
862299
81720
587258
519778
834002
434345
506596
30869
933551
538204
679013
680234
586036
180809
671809
576626
546812
143219
517243
237686
554092
444876
882708
478037
65168
403097
666922
382762
244076
365185
518243
176475
964497
783992
977666
62756
819821
995303
818217
707244
220914
425928
138143
426661
327638
271901
139960
334934
697008
653631
553045
198612
234486
316653
425840
914881
304554
788442
492760
528720
956326
161924
814860
675965
258833
972582
324293
701412
51102
102483
115640
490034
95367
828005
901223
980701
902777
115287
931597
500880
370292
342374
515713
920834
215042
311563
941060
192744
48311
718689
722761
276941
957720
416215
487497
262507
493075
51018
367073
24140
482928
846768
499787
464391
166090
482799
321272
952453
985856
125679
201441
864354
539994
228029
495748
763992
178183
66951
377386
199780
257707
410654
747835
946629
394434
331336
178025
377845
305522
371126
264644
302832
594752
316204
673215
72398
627828
202066
302183
142960
456209
894294
958421
18317
724064
656315
517588
117851
486139
220789
225542
92709
547080
653506
242852
208779
965163
89278
841641
574198
151076
204546
58706
833980
342504
630996
360889
368232
768260
490264
629692
165624
407959
565195
582331
299459
361447
651222
345801
987821
875618
668505
396818
489970
295317
827547
809904
336152
969937
581343
682551
573355
629781
236716
241293
692982
712802
751695
303979
996363
32414
304539
994403
948392
103193
269414
398843
866965
579160
68286
790199
104498
650471
586293
391743
537417
559780
890972
172686
613225
640018
110110
931688
329194
921094
768304
491971
375486
942416
932471
461795
731117
89272
724786
975743
650476
225967
535728
785870
262590
767409
809956
683301
879670
171737
940130
67021
939677
